7449867267: 120 8 46 73 882 74
6153340711: 5 6 395 3 3 676 2 5 6 2
3217689: 3 58 2 710 2 563 3
102981807: 374 655 7 1 1 348 459
1293980248: 3 773 9 4 102 68 5 6 8
806555: 4 94 36 82 3
1173000128: 733 1 8 1 7 1 2 9 1 583 8
11149918: 348 232 89 6 36
146249919: 1 624 999 1 9
108929: 82 4 7 439 286 7 9
90136480: 407 69 8 677 4 78
10702305887: 37 2 62 8 83 3 2 216 95
2141712715: 401 45 19 48 715
212: 9 92 38 23 48
965: 6 3 65
601105969: 1 545 45 997 11
749556: 7 934 957 56 1
13547784619: 67 732 6 1 9 2 241 70 2
2007020512: 4 200 21 74 17 22 67
16188310010: 94 48 74 5 35 22 8 17
224193520: 647 35 81 99 1
55727659387: 706 30 747 789 4
6160080896: 161 83 92 9 157 178 8
31360291: 9 32 1 709 10 4 4 7 8 3
141432: 5 891 2 6 4
104487: 9 5 861 88 84 3
32926330: 823 1 580 4 9
977538141963: 425 23 38 14 1 9 6 1 3
36132620: 258 4 83 162 33 2 11 9
742825: 43 1 4 75 43
1439460691230: 285 607 28 7 72 30
2752809661481: 896 33 31 931 481
155528352: 5 4 3 9 8 8 15 7 5 673 2
77673737: 7 694 5 728 6 6 4 74
81250: 64 9 156 65 686
7462789745110: 95 89 943 967 6 1 156
360853788: 4 6 7 33 8 7 5 3 7 1 7 8
15010038349: 5 252 4 73 6 13 6 2 347
208897: 31 673 2 6 242
4926689152: 20 1 1 8 2 4 532 5 4 531
3521671: 345 6 2 9 671
67391539182: 5 4 6 1 3 7 6 734 8 869 9
821442480658: 82 10 3 8 6 1 24 80 65 8
2849729852904: 153 4 4 5 517 9 287 3 7
9016903215500: 77 971 9 4 9 335 501
162881691: 7 141 9 1 4 1 8 816 1 8 9
615601: 877 7 7 4 987 75 565
8933: 1 889 9 6 30
862: 60 7 6 8 178
563683851: 76 9 7 44 818 21 33
1822478: 34 873 9 2 62 35 443
546358: 545 192 1 61 116 988
1551314939047: 9 5 9 9 57 8 9 79 62 6 3 7
236729384: 80 4 8 7 3 3 24 437 85
55651: 5 8 6 7 86 9
860985216: 3 3 932 168 516
26508704027: 43 4 188 4 931 6 1 7 75
12207767: 35 57 52 2 66 5 7
105424966: 3 8 6 59 7 389 2 4 1 6 6
196172994: 232 41 5 97 87
2139333: 685 7 21 3 333
160445034: 6 17 2 6 6 3 8 3 1 80 9 45
109563999865: 984 4 3 742 55 973 5
14938: 936 537 2 4 182
47162027: 716 70 600 20 24 3
2488785131429: 2 40 23 8 1 5 9 259 432
1594419: 9 921 3 2 9 3 563 4
2881630: 712 21 3 330 4 94 339
4917915855: 577 5 169 310 4 7 60 5
16324820: 4 531 797 7 6 9 2 4 305
8329: 435 390 6 9 10
19763542927: 80 998 1 4 67 5 33 2 61
182668: 2 1 866 4 76 8
43410: 88 341 9 8 412
5832356518: 405 9 2 2 890 4 3 48 8
14138600010: 235 643 3 335 6
11712385: 301 15 457 94 37
97438: 3 6 2 6 8 909 634 2 446
8563694139: 75 5 172 2 2 9 28 81 1 7
1462665: 5 9 5 373 439 55 667
2824041339: 9 6 918 8 3 9 71 70 338
995: 2 7 636 351
46948623046: 64 6 6 5 2 7 5 10 2 9 9 8
74899218: 52 696 992 11 7
11135610524: 6 76 970 7 51 5 5 6 3 2
15632765: 3 52 32 7 62
766369177: 97 79 6 465 2 904 5 7
6235324834: 2 6 4 18 7 1 7 4 696 3 4
111098: 52 8 267 16 7
153953: 9 5 75 3 251 4 6 5 6 4 1 5
2968968978: 662 3 4 1 8 7 7 2 8 977
124197366224: 855 807 32 4 7 9 18
2593931184825: 82 606 158 6 61 75 87
324370964198: 531 755 679 61 8
205872: 72 9 23 44 411 6 4
683160475: 6 9 7 1 4 4 5 9 820 6 474
13177371: 95 4 95 365 5 856 8
91472: 223 43 644 4 72
41902914: 8 6 4 678 41 912 4
19711: 103 9 1 932 1
3696843: 2 2 2 4 3 77 73 89 6 1 5 1
502508760: 6 8 115 2 91 6 7 1 4 8 5 7
1365934: 314 435 9 9 9 7
3601752495: 428 4 3 1 7 1 7 8 26 7 5 3
6499227810: 10 4 826 255 62
4767210477: 9 87 966 5 4 77
1562697011: 1 34 8 3 2 8 82 5 36 9 2
260379720: 5 3 10 86 49 8 8 5 4 501
50041900370: 8 73 65 56 220 29 881
406310688390: 902 912 64 9 78 5
220218499068: 67 1 8 4 7 8 2 4 9 900 7 1
52447607: 5 8 7 8 3 1 4 925 4 62 3 3
114005300: 260 174 84 8 9 3 235 1
140956392: 824 42 9 2 367 3 1 2 2 6
419513137: 3 2 4 17 8 79 72 313 7
47499: 79 8 116 78 3
1847194985: 27 866 154 45 1 16 79
6716992: 66 260 909 10 82
63608: 40 3 20 601 7
12939353: 6 9 126 4 5 2 3 31 8 6 6 4
1191344431716: 67 69 176 431 716
26634: 4 262 34
10797883252: 1 899 7 8 2 2 85 6 3 9 53
475902479: 19 25 902 4 79
1512552: 3 1 5 3 6 13 6 6 45 8 1 4
4993885270: 59 33 5 366 8 699
10607265154: 87 18 1 70 902 651 55
2607137: 294 3 6 4 1 221
55126: 7 90 8 743 32 51
56087104: 32 8 9 8 17 1 38 102
3257160: 7 34 4 9 55 55 906 9 6
2914343346354: 83 266 95 7 5 9 635 4
16655070: 8 8 6 545 1 8 3 549
42390136: 863 49 95 6 74 60 74
5790178804: 96 502 98 60 4
1377647282: 386 3 89 6 4 594 8 2 5 8
4252779534934: 51 1 3 6 5 756 7 943 2 7
62157928410: 7 6 78 8 812 2 82 45 89
8376166708: 837 609 6 70 652 5 51
88582979239: 3 42 547 7 782 9 53 84
1743360: 363 2 4 80 3
28488345: 50 24 4 9 63
105777532893: 5 875 214 1 8 1 643 28
7289453: 7 276 9 4 280 80 90
43876859: 453 5 5 5 2 91 5 7 7 3 7 5
132929823: 43 8 4 2 52 1 53 38 9
1446968: 76 56 5 63 4 6 5 66 6 2
17388841797561: 978 2 889 1 7 97 561
1010661392392: 8 5 84 46 766 73 5 94
159335108: 1 7 2 8 7 7 8 3 1 206 652
91751884175759: 71 356 363 417 57 56
31173: 1 77 2 7 3 4
6236: 444 3 13 4 858
9470843: 776 3 31 4 3 1 7 4 3 6 4 3
577347: 6 205 953 2 248
31101: 3 35 32 9 21 3 838
59644122336: 401 389 46 184 8 892
1139020740: 638 9 7 9 147 19 935
14618622409: 6 89 9 3 1 2 854 20 4 9 8
5301739156948: 6 41 666 4 7 6 6 809 6
33279141: 237 780 24 6 7 3
66671779493: 461 5 2 9 8 7 8 8 3 206 5
3422: 339 3 2
44202654: 2 41 345 857 654
18589172229: 9 60 5 64 7 9 4 5 4 9 3 3
7337077917: 7 6 583 4 181 3 9 1 6 7 7
6601291208: 3 389 9 2 1 5 1 8 35 24 9
31409931: 641 49 862 69
1943: 35 1 6 9 1
559418: 149 408 2 340 10 65 2
448352260569: 5 9 3 9 5 66 491 2 9 4 3 3
6859: 6 462 397
32586192: 94 727 84 172 36
28084015623: 674 817 8 973 51
560581420: 1 86 86 3 142 3
1782: 4 26 59 2 2
75626267739: 25 3 61 1 626 773 9
120735039321: 344 5 4 7 8 5 5 9 68 6 7 1
324844: 58 3 20 2 2 844
129632: 3 6 22 51 32
26051: 260 1 46 5
4172: 389 27 7 2 3
762983: 5 9 7 8 30 687 9 106
557468825: 618 5 6 3 9 882 6
235857: 240 25 89 2 5
1209817: 1 9 2 3 9 32 6 762 6 36
112254414443: 6 274 7 568 5 9 64 43
2635372850: 227 67 42 96 18 5 1
36288971: 9 448 3 313 3 33
3781328947: 5 776 8 7 5 8 73 478 2 5
33515093: 25 42 809 1 480 29 3
738378784: 9 82 378 78 3
253633: 6 92 958 8 24
91211619: 92 820 11 6 19
35784925: 4 46 4 8 563 553 8
4573509029: 2 66 1 8 7 2 103 570 27
24775134: 43 874 45 9 4 6 5 78 3 4
87075749049: 9 7 4 7 9 343 8 511 3 3 7
16226327171: 67 23 7 5 12 7 596 3 93
128444038: 923 6 355 440 35
87513: 86 6 9 1 3
92710179133: 6 3 2 6 1 9 94 7 7 1 8 135
12315563: 67 2 8 679 5 56 2 1
4157262: 547 76 5 9 3
63240: 9 65 4 9 81 4 7 3 4
55695977652: 965 614 4 94 54
8978: 1 3 3 692 671
25650356811: 95 5 54 272 84 811
3934185696: 31 7 4 4 714 434
1206360: 7 8 1 623 20 9 29 95 15
115767: 6 7 6 2 897 3 1 671 9 2 4
1696133952: 46 449 945 6 6 57
7236: 5 11 29 678 6
189649695: 483 8 8 49 95
302630281: 1 6 1 9 1 2 4 3 6 2 83 958
52520856175: 394 94 55 6 236 175
143519644: 475 4 91 755 936
268595: 37 39 96 9 7 27 56
4612863150: 27 922 9 59 280 70
4280543114400: 842 3 9 7 9 8 3 670 5 56
41662517: 9 3 51 66 8 215 3 33 4
637: 28 5 352
21289332681989: 615 5 1 6 7 989 189 9 9
1570502426: 5 7 1 58 2 52 4 8 6 18 3 5
396758: 9 440 6 92 66
62693969: 1 148 734 71 969
9619591: 1 976 7 65 917 23 3 1
96498272: 850 98 19 7 63 5 5 99 2
807649967: 98 614 819 10 120 7
49498810: 80 68 5 3 7 668 9
63671512325: 1 47 3 873 4 5 9 9 6 8 3
45529228900: 72 4 99 31 8 244 96 3
4789257: 5 82 39 63 1 7 378
54326790420: 64 67 47 505 84
13713: 7 3 5 32 11
1121200603593: 44 2 4 9 303 6 6 330 23
494404766008: 988 808 7 7 3 8 94 50 8
1310445: 8 8 9 2 9 2 7 85
785332802: 6 8 5 3 6 6 8 6 7 42 75
51900790: 518 580 427 18 69
17385513659: 9 27 959 2 24 98 5 7
19884694861: 53 92 4 4 7 6 405 844 3
198666: 5 9 200 92 566
649326: 686 8 929 23 8 4 4
13378750997: 9 8 2 7 3 27 973 985 9
1396559525: 3 200 9 6 595 8 534 2
1620796297: 540 3 796 29 8
21541831: 717 75 75 4 58 4
326108405895: 3 61 76 7 7 2 8 2 9 5 6 33
339465: 678 8 6 7 5
123363073250: 14 7 69 5 2 2 93 5 1 10 5
76250368: 931 91 1 90 56 8
182172025: 56 449 6 27 593 6 22
234391439: 321 73 6 6 539 5 4 36
2394376822: 2 800 7 2 637 16 5 8 59
461: 4 13 5 43
6982: 907 80 10 7 2
448042526: 193 7 2 112 4 2 523
14841494616: 2 6 11 51 526 8 74 7 4
27609313: 493 7 1 5 6 3 8 1 19 9 4 8
1873603343: 500 435 62 4 4 808 8 7
245297551: 1 8 4 253 92 26 5 1 2 2 1
430192: 36 9 9 937 108
205441838343: 4 8 3 18 7 8 3 5 421 483
5350566566: 6 1 15 87 64 2 563
2259304867: 74 5 759 650 2 2 85 1 7
70773: 21 8 13 2 147 4 90 1 3
5119156: 50 971 220 47 2 7
72910: 7 1 283 3 79 1
8181374262: 12 47 278 59 4 566 6 2
19025: 61 51 78 14 11
96474630: 5 357 6 81 74 311 6
13546512085: 35 7 890 8 453 85
3585258821693: 71 70 5 1 7 60 4 338 5
66835032: 31 5 807 46 299 9 7 5
13429506429: 4 5 1 3 2 14 5 70 6 428
121848922: 6 681 50 41 50 2 177
125347468902: 173 1 9 84 336 80 9 6 6
70729: 1 2 34 66 926 9 61 540
119939: 85 771 343 38 2
14014808512: 3 40 6 687 6 34 210 7 1
601938528936: 8 627 14 3 1 42 2 234 4
366823593824: 1 7 3 94 9 94 5 9 67 824
48472589840: 4 5 79 3 25 820 3 679 1
168163: 1 6 81 6 3
13330737914: 98 1 45 527 31 9 3 914
67345949: 99 48 91 81 5 94 40 3 1
7797331: 866 2 8 1 4 3 4 1 79 3
2056297323: 25 2 3 3 9 8 7 7 2 626 9 3
197824540868: 989 12 1 4 3 9 2 8 4 2 6 8
125406451: 9 98 7 205 1 568
18986674210: 94 8 56 74 6 9 5 48 42 5
943989300: 94 3 744 245 300
26930633: 261 8 30 600 33
4868478342015: 73 8 6 84 783 41 92 9 5
202268161943: 62 6 33 3 4 2 2 2 9 1 943
2286988382: 1 87 86 9 30 474
7579800: 421 9 90 1 2
80750760124: 33 1 760 321 125
43001158: 8 995 1 478 8 270
953451: 5 4 65 37 8 565 8 9 9
48135360: 98 9 48 656 7 361
399424331: 3 771 331 32 5 6
6073081: 88 2 28 6 1 663 1
733336726: 149 66 7 388 7 5 3 2
51534300: 51 182 1 351 300
160778929: 80 38 6 2 6 929
1693401: 8 4 4 9 25 5 7 53 5 783 6
20401384136: 8 3 9 5 361 21 968 3 2 5
509459: 737 2 69 93 700
23837463750: 40 57 123 750 85
112893: 46 4 62 89 1
344566: 42 818 8 54 38 6
159680580920: 45 5 61 9 98 8 633 920
19105683652: 38 5 830 226 83 653
2969997: 8 975 438 6 3 709 6 42
51163208: 4 68 2 565 5 36 4 8 8
127894692: 14 17 973 673 4
33441802: 33 88 9 1 41 2 28 1 2
76306500: 24 9 2 35 6 502
9701532: 5 62 8 39 2 19 436 98
245298724: 2 1 11 83 2 75 7
241251: 995 7 67 940 2 3 32 4 4
2888062047: 53 170 98 5 67 641 2 9
346229: 4 2 2 1 283 1 45 82 3
39346182402: 81 970 8 9 7 2 3 1 3 9 1 3
32205720761: 8 8 7 31 8 281 6 7 5 7 9 3
94067: 3 5 71 69 67
118528110270: 9 135 9 2 8 2 105 974 1
14610642: 2 8 435 5 5 28 9 8 5 2 3
10216175639: 6 2 5 17 1 600 17 5 639
1266753678959: 364 58 56 13 6 959
1338608: 67 1 4 60 601 1 52 4
513217: 4 57 83 47 21 57 60
8073072068527: 8 900 8 8 8 2 70 685 2 7
49765623: 6 7 1 8 8 16 6 37 6 18 5
583964870: 51 28 739 6 7 87 872
43357812: 51 443 4 3 900 635 7 5
622142: 4 74 35 9 60
96526490: 9 6 5 26 4 91
30136360468: 6 5 136 360 468
171785893: 724 83 3 2 237
412450: 7 3 8 1 6 4 1 5 4 855 42 8
2292470942: 387 57 56 11 922
139809057: 19 34 2 92 36 2 25 7
123984508395: 3 4 984 105 6 44 83 93
810822: 34 8 849 91 9 3
182644: 110 4 6 1 705 5 1 63 4
60286293072: 51 3 3 547 3 5 8 2 873 4
81815038: 67 320 2 159 12
987723: 3 2 95 987 6 623 93
11474: 56 96 41 2
498150820644: 55 35 90 820 644
4989322: 509 11 98 43 1
3003556872: 2 46 7 6 6 8 5 9 8 1 7 282
5371182: 89 2 62 476 2
89128387: 89 120 7 845 541
536044679: 676 4 9 5 389 4 2 61 4 2
106697126: 1 1 20 7 7 4 5 673 34 3 5
660381727: 1 96 482 3 29 699 77
315590595216: 48 701 6 418 59 5 2 16
26795: 6 18 2 766 27
628731297412: 9 49 858 8 6 7 93 5 51 7
425881250492: 2 76 2 546 25 50 4 9 2
3078403054719: 716 964 9 1 446 3 4 19
10209: 41 241 915 4 8 603
113237087: 273 69 35 847 6 3
838579: 8 383 2 80 1
312553360488386: 781 3 834 5 8 4 8 8 386
19259365: 87 22 3 1 8 93 67
76798186: 1 695 5 387 9 70 8 18 6
38770005: 766 9 315 28 49 8 1 5
1273569: 6 4 972 1 51
12569: 36 5 74 8 63 6
7416502: 74 1 649 1 2
2284697789: 2 9 4 2 46 9 761 8 8 1 8 9
434145423: 3 532 974 7 73 27 3
21752360: 6 65 95 3 8 4 54 70 4 7
54608112108: 76 267 519 794 716
466166132: 93 233 2 41 25 2 95 7
5099481373: 6 4 1 259 9 8 5 9 8 1 37 3
44289219763: 3 7 9 665 2 8 9 1 8 8 3 2
10024155: 86 2 1 569 7 155
46047600: 51 12 955 8 90
2466915584: 6 4 8 84 8 3 1 751 74 1
28085636: 280 856 1 3 4
758443280: 3 5 3 7 62 1 6 108 2 4 5 2
10383865286: 3 87 9 19 5 4 69 2 4 1 3 6
942244748: 6 2 6 673 4 4 748
37661836482: 3 9 1 7 9 7 1 9 5 2 480 76
421548: 59 2 69 6 48
2287891: 687 993 2 4 3 8 34
511324: 49 94 1 112 51 574
6335232: 548 78 1 74 8 904
4653028: 23 4 6 8 397 2 7 4 83 4
4558: 1 366 8 3 815
12412577: 8 9 73 257 9
734367313789: 29 4 523 597 8 79 99 9
68066558: 485 15 686 855 8
7541377528: 21 2 8 43 2 3 7 22 7 9 8 8
208594697697: 3 3 46 9 9 89 8 9 1 873
6039126: 21 8 559 1 5 83 1 1 2 1 5
60439935723: 74 59 4 9 8 7 27 5 1 2 6 4
37922906: 4 4 4 86 3 8 8 3 97 4 23
10936322: 39 224 4 512 80
3289166577: 8 822 2 21 1 1 5 9 2 580